因子                 IC/sum     IC/spr     IC/cha     IC/cha     IC/cha     IC/aut     IC/win  稳定性
────────────────────────────────────────────────────────────────────────────────
  alpha074       -0.0121        +0.0308 -0.0146 -0.0053 -0.2944                ❌
  alpha008       +0.0171        +0.0081 -0.0400 -0.0345 -0.2590                ❌
  alpha094       -0.0001        +0.0070 -0.0602 -0.0686 -0.2321                ❌
  alpha160       -0.0001        +0.0070 -0.0602 -0.0686 -0.2321                ❌
  alpha178       -0.0001        +0.0070 -0.0602 -0.0686 -0.2321                ❌
  alpha003       +0.0121        -0.0189 +0.0282 -0.0014 +0.2215                ❌
  alpha025       -0.0095        +0.0148 -0.0503 -0.0230 -0.2258                ❌
  alpha078       -0.0058        +0.0059 -0.0209 -0.0056 -0.2127                ❌
  alpha121       -0.0194        +0.0054 -0.0512 -0.0460 -0.2286                ❌
  alpha150       -0.0194        +0.0054 -0.0512 -0.0460 -0.2286                ❌
  alpha049       -0.0079        +0.0147 -0.0502 -0.0212 -0.2226                ❌
  alpha043       -0.0094        +0.0036 -0.0255 -0.0189 -0.2136                ❌
  alpha145       -0.0430        -0.0431 -0.0067 +0.0097 +0.2205                ❌
  alpha136       +0.0055        +0.0131 -0.0599 -0.0368 -0.2210                ❌
  alpha126       -0.0088        +0.0339 -0.0392 -0.0063 -0.2136                ❌
  alpha151       -0.0088        +0.0339 -0.0392 -0.0063 -0.2136                ❌
  alpha001       +0.0186        -0.0089 +0.0555 +0.0395 +0.2206                ❌
  alpha014       -0.0186        +0.0089 -0.0555 -0.0395 -0.2206                ❌
  alpha018       -0.0186        +0.0089 -0.0555 -0.0395 -0.2206                ❌
  alpha020       -0.0186        +0.0089 -0.0555 -0.0395 -0.2206                ❌
  alpha024       -0.0186        +0.0089 -0.0555 -0.0395 -0.2206                ❌
  alpha159       -0.0186        +0.0089 -0.0555 -0.0395 -0.2206                ❌
  alpha177       -0.0186        +0.0089 -0.0555 -0.0395 -0.2206                ❌
  alpha098       +0.0070        +0.0089 -0.0643 -0.0179 -0.2084                ❌
  alpha127       +0.0131        +0.0134 -0.0412 -0.0508 -0.2116                ❌
  alpha058       +0.0030        -0.0037 -0.0287 -0.0589 -0.1934                ❌
  alpha068       +0.0030        -0.0037 -0.0287 -0.0589 -0.1934                ❌
  alpha085       +0.0030        -0.0037 -0.0287 -0.0589 -0.1934                ❌
  alpha131       +0.0030        -0.0037 -0.0287 -0.0589 -0.1934                ❌
  alpha050       -0.0119        +0.0044 -0.0636 -0.0349 -0.1982                ❌
  alpha162       -0.0025        +0.0036 +0.0275 +0.0591 +0.1907                ❌
  alpha086       -0.0418        +0.0104 -0.0282 -0.0413 -0.1909                ❌
  alpha019       -0.0169        -0.0036 -0.0333 -0.0201 -0.1626             ⚡较稳定
  alpha072       -0.0193        -0.0336 +0.0066 +0.0125 +0.1588                ❌
  alpha062       +0.0208        +0.0155 +0.0522 +0.0258 +0.1607             ✅极稳定
  alpha010       +0.0184        -0.0165 -0.0375 -0.0730 -0.1543                ❌
  alpha087       -0.0467        -0.0351 -0.0280 -0.0666 +0.1650                ❌
  alpha067       -0.0058        -0.0162 -0.0579 -0.0636 -0.1416             ✅极稳定
  alpha146       -0.0103        -0.0475 +0.0225 +0.0189 +0.1294                ❌
  alpha139       +0.0019        -0.0167 -0.0393 -0.0381 -0.1256                ❌
  alpha152       -0.0007        -0.0258 -0.0388 -0.0646 -0.1154             ✅极稳定
  alpha017       +0.0050        -0.0283 -0.0214 -0.0642 -0.1134                ❌
  alpha066       -0.0030        -0.0278 -0.0454 -0.0580 -0.1173             ✅极稳定
  alpha095       -0.0030        -0.0278 -0.0454 -0.0580 -0.1173             ✅极稳定
  alpha161       -0.0030        -0.0278 -0.0454 -0.0580 -0.1173             ✅极稳定
  alpha179       -0.0030        -0.0278 -0.0454 -0.0580 -0.1173             ✅极稳定
  alpha060       -0.0026        -0.0096 -0.0242 +0.0141 -0.1045                ❌
  alpha153       +0.0126        -0.0249 -0.0323 -0.0560 -0.1155                ❌
  alpha082       -0.0835        -0.0441 -0.0397 -0.0078 +0.1114                ❌
  alpha089       -0.0594        +0.0235 +0.0040 +0.0231 +0.1056                ❌
  alpha036       -0.0194        -0.0081 -0.0378 -0.0439 -0.1075             ✅极稳定
  alpha012       +0.0017        -0.0111 -0.0288 +0.0025 -0.0925                ❌
  alpha077       -0.0366        -0.0013 -0.0003 +0.0004 -0.0829                ❌
  alpha096       +0.0242        -0.0299 -0.0396 -0.0730 -0.1072                ❌
  alpha180       +0.0242        -0.0299 -0.0396 -0.0730 -0.1072                ❌
  alpha158       -0.0132        -0.0485 -0.0352 -0.0587 +0.1020                ❌
  alpha093       +0.0458        +0.0158 +0.0294 -0.0310 -0.0970                ❌
  alpha022       -0.0049        -0.0054 -0.0236 +0.0170 -0.0810                ❌
  alpha045       -0.0049        -0.0054 -0.0236 +0.0170 -0.0810                ❌
  alpha046       +0.0045        +0.0105 -0.0023 -0.0223 +0.0770                ❌
  alpha099       +0.0045        +0.0105 -0.0023 -0.0223 +0.0770                ❌
  alpha144       -0.0404        -0.0204 -0.0317 -0.0433 +0.0997                ❌
  alpha075       +0.0254        +0.0003 -0.0048 -0.0127 +0.0760                ❌
  alpha079       +0.0214        -0.0027 -0.0066 -0.0128 +0.0775                ❌
  alpha130       +0.0212        +0.0019 +0.0257 +0.0105 +0.0778             ✅极稳定
  alpha031       -0.0141        +0.0354 +0.0153 +0.0601 +0.0801                ❌
  alpha047       +0.0141        -0.0354 -0.0153 -0.0601 -0.0801                ❌
  alpha057       +0.0141        -0.0354 -0.0153 -0.0601 -0.0801                ❌
  alpha071       +0.0141        -0.0354 -0.0153 -0.0601 -0.0801                ❌
  alpha135       +0.0141        -0.0354 -0.0153 -0.0601 -0.0801                ❌
  alpha011       +0.0057        -0.0084 -0.0314 +0.0026 -0.0705                ❌
  alpha004       +0.0015        +0.0118 +0.0296 +0.0008 +0.0686             ⚡较稳定
  alpha073       +0.0143        -0.0356 -0.0154 -0.0604 -0.0783                ❌
  alpha114       -0.0050        -0.0405 -0.0055 -0.0673 -0.0062             ⚡较稳定
  alpha174       -0.0702        -0.0321 -0.0301 -0.0506 +0.0959                ❌
  alpha164       +0.0105        -0.0352 -0.0151 -0.0611 -0.0719                ❌
  alpha002       +0.0108        +0.0039 +0.0244 -0.0180 +0.0723                ❌
  alpha009       -0.0612        -0.0015 -0.0449 -0.0057 -0.0149             ✅极稳定
  alpha154       -0.0106        -0.0471 +0.0041 -0.0663 +0.0341                ❌
  alpha021       -0.0346        +0.0088 -0.0566 -0.0491 -0.0751                ❌
  alpha102       -0.0472        -0.0287 -0.0161 -0.0552 +0.0797                ❌
  alpha172       -0.0472        -0.0287 -0.0161 -0.0552 +0.0797                ❌
  alpha059       -0.0277        -0.0090 -0.0147 -0.0096 -0.0675             ✅极稳定
  alpha097       +0.0329        -0.0310 -0.0519 -0.0297 -0.0848                ❌
  alpha181       +0.0329        -0.0310 -0.0519 -0.0297 -0.0848                ❌
  alpha027       -0.0697        -0.0404 -0.0376 -0.0166 -0.0106             ✅极稳定
  alpha128       -0.0168        -0.0013 -0.0191 -0.0097 -0.0609             ✅极稳定
  alpha070       +0.0493        -0.0257 -0.0100 -0.0513 -0.0684                ❌
  alpha006       +0.0226        +0.0080 +0.0318 +0.0113 +0.0651             ✅极稳定
  alpha015       +0.0226        +0.0080 +0.0318 +0.0113 +0.0651             ✅极稳定
  alpha053       -0.0226        -0.0080 -0.0318 -0.0113 -0.0651             ✅极稳定
  alpha080       -0.0381        +0.0060 +0.0003 -0.0096 +0.0525                ❌
  alpha113       -0.0309        -0.0304 -0.0233 -0.0440 +0.0801                ❌
  alpha107       -0.0306        -0.0051 -0.0202 -0.0032 -0.0581             ✅极稳定
  alpha056       +0.0168        -0.0017 -0.0013 -0.0024 +0.0534                ❌
  alpha168       -0.0261        +0.0082 +0.0022 +0.0534 +0.0448                ❌
  alpha076       -0.0296        +0.0086 -0.0029 -0.0141 +0.0583                ❌
  alpha156       -0.0339        +0.0099 -0.0571 -0.0479 -0.0667                ❌
  alpha081       -0.0901        -0.0410 -0.0423 -0.0361 +0.0506                ❌
  alpha040       -0.0331        -0.0526 -0.0005 -0.0518 +0.0292                ❌
  alpha101       -0.0576        -0.0100 -0.0318 -0.0478 -0.0121             ✅极稳定
  alpha171       -0.0576        -0.0100 -0.0318 -0.0478 -0.0121             ✅极稳定
  alpha042       +0.0216        +0.0016 -0.0062 -0.0128 +0.0543                ❌
  alpha157       -0.0249        -0.0211 -0.0360 -0.0690 -0.0178             ✅极稳定
  alpha148       +0.0105        -0.0429 -0.0348 -0.0651 +0.0225                ❌
  alpha052       +0.0572        +0.0357 +0.0475 +0.0037 +0.0444             ✅极稳定
  alpha147       -0.0648        -0.0125 -0.0469 -0.0332 +0.0257                ❌
  alpha041       -0.0500        -0.0471 -0.0064 -0.0453 +0.0176                ❌
  alpha124       +0.0067        -0.0208 +0.0111 -0.0472 -0.0486                ❌
  alpha169       -0.0336        +0.0478 +0.0006 +0.0240 +0.0486                ❌
  alpha083       -0.0682        -0.0391 -0.0292 +0.0154 +0.0470                ❌
  alpha032       -0.0207        -0.0502 -0.0024 -0.0472 -0.0264             ✅极稳定
  alpha123       +0.0110        -0.0177 +0.0134 -0.0416 -0.0552                ❌
  alpha133       +0.0324        -0.0391 -0.0086 -0.0548 -0.0112                ❌
  alpha103       -0.0515        -0.0167 -0.0216 -0.0618 -0.0441             ✅极稳定
  alpha173       -0.0515        -0.0167 -0.0216 -0.0618 -0.0441             ✅极稳定
  alpha110       -0.0313        -0.0010 -0.0265 +0.0070 -0.0480                ❌
  alpha090       -0.0265        -0.0229 -0.0143 -0.0632 +0.0364                ❌
  alpha117       +0.0113        -0.0181 +0.0129 -0.0437 -0.0517                ❌
  alpha118       +0.0066        -0.0211 +0.0107 -0.0471 -0.0430                ❌
  alpha184       -0.0456        +0.0058 -0.0112 -0.0401 -0.0184                ❌
  alpha037       +0.0469        +0.0029 +0.0244 -0.0148 +0.0362                ❌
  alpha030       -0.0067        -0.0013 -0.0241 -0.0412 -0.0023                ❌
  alpha033       -0.0067        -0.0013 -0.0241 -0.0412 -0.0023                ❌
  alpha039       +0.0463        +0.0026 +0.0236 -0.0152 +0.0364                ❌
  alpha116       +0.0463        +0.0026 +0.0236 -0.0152 +0.0364                ❌
  alpha108       -0.0038        -0.0019 -0.0037 -0.0018 -0.0409                ❌
  alpha038       +0.0361        -0.0047 -0.0456 +0.0132 -0.0335                ❌
  alpha122       +0.0473        +0.0031 +0.0245 -0.0147 +0.0327                ❌
  alpha035       +0.0468        +0.0028 +0.0238 -0.0150 +0.0335                ❌
  alpha149       -0.0097        -0.0489 -0.0102 -0.0165 -0.0111                ❌
  alpha069       +0.0206        -0.0402 +0.0034 -0.0409 +0.0138                ❌
  alpha132       +0.0206        -0.0402 +0.0034 -0.0409 +0.0138                ❌
  alpha016       -0.0085        +0.0008 -0.0298 +0.0132 -0.0412                ❌
  alpha063       -0.0085        +0.0008 -0.0298 +0.0132 -0.0412                ❌
  alpha183       -0.0171        -0.0089 -0.0005 -0.0424 +0.0083                ❌
  alpha163       -0.0194        +0.0416 -0.0031 +0.0392 -0.0327                ❌
  alpha013       -0.0102        +0.0411 +0.0207 +0.0401 +0.0085                ❌
  alpha091       +0.0144        -0.0364 -0.0163 -0.0386 -0.0020                ❌
  alpha092       +0.0144        -0.0364 -0.0163 -0.0386 -0.0020                ❌
  alpha119       +0.0134        -0.0368 -0.0165 -0.0389 +0.0033                ❌
  alpha120       +0.0134        -0.0368 -0.0165 -0.0389 +0.0033                ❌
  alpha134       +0.0128        -0.0234 -0.0469 +0.0103 +0.0306                ❌
  alpha051       -0.0215        -0.0586 -0.0463 -0.0569 +0.0463                ❌
  alpha125       +0.0155        -0.0357 -0.0153 -0.0377 -0.0032                ❌
  alpha028       -0.0262        -0.0558 -0.0569 -0.0453 +0.0286                ❌
  alpha026       +0.0017        -0.0322 -0.0365 -0.0298 -0.0347                ❌
  alpha034       +0.0017        -0.0322 -0.0365 -0.0298 -0.0347                ❌
  alpha155       -0.0128        -0.0336 +0.0138 -0.0407 +0.0398                ❌
  alpha100       -0.0378        +0.0081 +0.0042 -0.0164 -0.0086                ❌
  alpha115       -0.0103        -0.0370 +0.0016 -0.0135 -0.0106                ❌
  alpha029       -0.0145        -0.0047 -0.0263 -0.0393 -0.0189             ✅极稳定
  alpha170       +0.0329        -0.0377 -0.0144 -0.0417 -0.0471                ❌
  alpha137       +0.0014        +0.0040 -0.0061 -0.0164 +0.0316                ❌
  alpha088       -0.0040        -0.0184 +0.0184 -0.0381 +0.0143                ❌
  alpha141       -0.0144        -0.0019 -0.0200 -0.0330 -0.0061                ❌
  alpha142       +0.0170        -0.0081 -0.0177 -0.0372 +0.0334                ❌
  alpha138       -0.0214        +0.0103 -0.0061 -0.0150 -0.0373                ❌
  alpha191       -0.0139        -0.0074 -0.0286 -0.0083 -0.0323                ❌
  alpha182       -0.0385        +0.0152 -0.0159 -0.0152 -0.0137                ❌
  alpha185       +0.0329        +0.0276 +0.0134 +0.0209 -0.0405                ❌
  alpha186       +0.0329        +0.0276 +0.0134 +0.0209 -0.0405                ❌
  alpha187       -0.0329        -0.0276 -0.0134 -0.0209 +0.0405                ❌
  alpha044       +0.0171        +0.0045 -0.0096 -0.0067 +0.0303                ❌
  alpha064       +0.0171        +0.0045 -0.0096 -0.0067 +0.0303                ❌
  alpha129       -0.0122        -0.0018 -0.0228 -0.0108 +0.0267                ❌
  alpha176       -0.0122        -0.0018 -0.0228 -0.0108 +0.0267                ❌
  alpha065       -0.0154        +0.0113 -0.0071 -0.0145 +0.0324                ❌
  alpha143       -0.0086        -0.0117 -0.0199 -0.0315 -0.0181                ❌
  alpha188       -0.0392        -0.0301 -0.0509 -0.0292 +0.0391                ❌
  alpha189       -0.0392        -0.0301 -0.0509 -0.0292 +0.0391                ❌
  alpha190       -0.0392        -0.0301 -0.0509 -0.0292 +0.0391                ❌
  alpha061       -0.0097        +0.0038 -0.0158 -0.0254 -0.0200                ❌
  alpha007       +0.0199        +0.0038 -0.0171 -0.0145 +0.0267                ❌
  alpha175       +0.0133        +0.0012 +0.0240 +0.0100 +0.0080                ❌
  alpha140       +0.0140        +0.0124 +0.0027 -0.0056 +0.0188                ❌
  alpha112       -0.0105        +0.0037 -0.0061 -0.0064 -0.0188                ❌
  alpha104       +0.0170        -0.0203 +0.0233 -0.0316 -0.0280                ❌
  alpha165       -0.0170        +0.0203 -0.0233 +0.0316 +0.0280                ❌
  alpha106       +0.0163        -0.0192 +0.0243 -0.0307 -0.0240                ❌
  alpha167       -0.0163        +0.0192 -0.0243 +0.0307 +0.0240                ❌
  alpha105       +0.0166        -0.0203 +0.0240 -0.0314 -0.0228                ❌
  alpha166       -0.0166        +0.0203 -0.0240 +0.0314 +0.0228                ❌
  alpha109       -0.0056        +0.0032 -0.0042 -0.0083 -0.0147                ❌
  alpha048       -0.0523        -0.0444 -0.0514 -0.0482 +0.0554                ❌
  alpha054       -0.0523        -0.0444 -0.0514 -0.0482 +0.0554                ❌
  alpha023       -0.0528        -0.0445 -0.0519 -0.0484 +0.0538                ❌
  alpha084       -0.0528        -0.0445 -0.0519 -0.0484 +0.0537                ❌
  alpha111       -0.0004        -0.0016 -0.0014 -0.0074 -0.0062                ❌
  alpha005       +0.0004        +0.0013 +0.0011 +0.0077 -0.0029                ❌
  alpha055                                                                ❌
